-10.5600 
-10.4800 
-10.2000 
-9.6800 
-8.7600 
-8.9600 
-9.4200 
-9.3000 
-7.7600 
-6.8800 
-8.0400 
-8.0200 
-6.9000 
-6.5200 
-6.3800 
-5.7800 
-5.3800 
-5.1600 
-5.2200 
-5.1200 
-4.7400 
-4.6400 
-4.4800 
-4.0800 
-4.0000 
-3.6600 
-3.4600 
-3.1600 
-2.8200 
-4.0800 
-6.4800 
-9.1400 
-12.5000 
-14.4400 
-13.9400 
-13.2800 
-13.5800 
-14.0000 
-12.9000 
-12.0000 
-12.1600 
-12.0800 
-12.0800 
-11.4200 
-11.1200 
-11.2000 
-10.7400 
-10.4400 
-9.9600 
-9.5400 
-9.2200 
-9.0000 
-9.1800 
-8.4600 
-7.7800 
-7.8400 
-8.0200 
-7.7600 
-7.3200 
-6.8000 
-6.6000 
-6.0200 
-6.1200 
-6.3400 
-6.0000 
-5.1400 
-4.3200 
-4.3200 
-4.2800 
-4.0600 
-3.8600 
-4.9800 
-7.8000 
-10.6800 
-13.0400 
-13.9200 
-13.6200 
-13.0400 
-13.2800 
-13.0400 
-12.2400 
-12.2400 
-12.2000 
-11.9400 
-11.5400 
-10.9800 
-10.7400 
-10.3200 
-9.8600 
-9.8400 
-9.2800 
-8.8200 
-8.5000 
-8.0400 
-7.8400 
-7.8400 
-7.2000 
-6.5600 
-6.8800 
-6.5600 
-6.0600 
-5.5400 
-5.1400 
-4.8000 
-4.5800 
-4.6600 
-4.3800 
-3.6000 
-3.0600 
-3.3600 
-3.1200 
-2.3200 
-2.1800 
-2.2000 
-2.1000 
-1.5200 
-1.0600 
-.6600 
 .0600 
-1.6200 
-4.8000 
-7.6800 
-11.0200 
-13.7600 
-15.0200 
-15.2000 
-14.8400 
-14.6800 
-14.9800 
-14.1400 
-13.7600 
-13.6600 
-13.1600 
-12.8000 
-12.5400 
-12.2400 
-11.7000 
-11.2400 
-10.7400 
-10.4000 
-10.1800 
-9.8600 
-9.8600 
-9.4400 
-9.0200 
-8.7600 
-8.4800 
-8.5200 
-8.5800 
-8.0800 
-7.4200 
-7.0600 
-6.6200 
-6.6400 
-6.4600 
-5.8800 
-5.3600 
-5.2000 
-5.2000 
-4.7600 
-4.3000 
-4.0600 
-3.6400 
-3.3800 
-3.3400 
-3.2000 
-2.6600 
-2.2600 
-2.2000 
-1.8600 
-2.0000 
-1.8400 
-1.4000 
-.6800 
-.2400 
 .0000 
 .1600 
 .3200 
 .6400 
 .5800 
-1.6600 
-5.9200 
-9.6800 
-11.8000 
-13.5200 
-14.4400 
-13.7600 
-13.0800 
-13.1600 
-13.0600 
-12.8800 
-12.5200 
-12.0200 
-11.8400 
-11.9400 
-11.5200 
-10.9600 
-10.7200 
-10.2800 
-10.1600 
-10.1400 
-9.4600 
-9.2400 
-9.0200 
-8.5000 
-8.3200 
-8.4200 
-7.5800 
-7.1200 
-7.3800 
-7.0400 
-6.4000 
-6.1200 
-6.5600 
-6.1600 
-5.7400 
-5.4600 
-4.9600 
-5.0600 
-4.8000 
-4.4000 
-4.3000 
-4.2400 
-3.7400 
-3.5200 
-3.0400 
-2.5400 
-2.5600 
-2.7200 
-2.4000 
-1.8400 
-1.6200 
-1.5200 
-.9000 
-.6200 
-.5600 
-.4200 
-.0800 
-.0800 
 .1200 
 .6400 
 1.1000 
 1.3200 
 1.7400 
 2.1400 
 2.0600 
 1.9800 
 2.2800 
 2.5000 
 3.1600 
 3.0400 
 2.8400 
 3.6800 
 4.2400 
 4.0000 
 3.6800 
 4.4400 
 5.5200 
 5.3800 
 5.2800 
 5.9000 
 6.4000 
 6.3800 
 6.7200 
 7.0600 
 7.1000 
 7.3800 
 7.7600 
 7.8200 
 7.7600 
 7.9800 
 8.7200 
 8.9600 
 9.0400 
 9.1800 
 9.6800 
 7.7600 
 3.7200 
-.5000 
-4.0600 
-7.3600 
-10.1800 
-11.3000 
-10.9000 
-10.4800 
-10.8800 
-10.8200 
-10.3000 
-10.1000 
-9.6600 
-9.8000 
-9.6800 
-9.3600 
-8.5600 
-8.2000 
-8.1800 
-7.8200 
-7.3600 
-7.2800 
-7.0800 
-7.0600 
-6.8000 
-6.3200 
-5.7600 
-5.7800 
-5.2200 
-4.8000 
-5.6200 
-5.1600 
-4.0000 
-4.4000 
-4.1000 
-2.8200 
-2.5600 
-2.6600 
-2.6200 
-2.7600 
-1.7600 
-.9400 
-1.0400 
-.9800 
-.9200 
-.5600 
-.1000 
-.3400 
 .2400 
 .6200 
 .4000 
 .8800 
 2.0800 
 1.9200 
 1.3600 
 1.9400 
 2.6200 
 1.9200 
-.7400 
-3.6000 
-5.4600 
-5.5600 
-5.7800 
-6.0000 
-5.2600 
-4.8000 
-4.3600 
-4.6000 
-4.2800 
-3.9200 
-3.5800 
-3.1600 
-2.7600 
-2.6200 
-2.4000 
-1.5200 
-1.2800 
-1.2000 
-.7400 
-.7400 
-.6400 
-.0200 
 .3800 
 .3000 
 .4000 
 1.1000 
 1.5000 
 1.3600 
 1.8200 
 .6400 
-2.5200 
-5.6000 
-7.6200 
-9.3200 
-9.9600 
-9.1600 
-8.8200 
-8.8200 
-8.7000 
-8.4200 
-7.7400 
-7.4000 
-7.5800 
-7.6200 
-7.0800 
-6.6600 
-6.6400 
-6.5000 
-5.9400 
-5.6000 
-5.6000 
-5.2200 
-4.6400 
-4.7200 
-4.5600 
-4.1400 
-3.6800 
-3.4400 
-3.2400 
-3.4400 
-2.9600 
-2.5200 
-2.0800 
-1.8800 
-1.5600 
-1.1200 
-.6600 
-1.1200 
-3.9400 
-6.4800 
-8.5600 
-10.7200 
-11.2800 
-10.9800 
-10.6000 
-10.4600 
-10.4000 
-10.5000 
-9.7800 
-9.2600 
-8.3400 
-7.8800 
-8.5600 
-8.4400 
-7.4400 
-6.8400 
-6.8400 
-6.3600 
-5.8800 
-5.5200 
-5.6800 
-5.2600 
-4.3200 
-4.5800 
-4.4800 
-3.8200 
-3.5600 
-3.5600 
-3.3800 
-3.0000 
-2.5600 
-2.4000 
-2.2600 
-2.0800 
-1.7200 
-1.4200 
-1.6000 
-1.3800 
-.8400 
-.8600 
-.6600 
-.5000 
 .0600 
 .9200 
 1.1000 
 1.1200 
 1.2600 
 1.2800 
 .1600 
-2.5400 
-6.4600 
-10.0600 
-12.4200 
-13.7600 
-14.2600 
-13.8600 
-13.4000 
-13.4600 
-13.6200 
-12.7400 
-12.1200 
-12.3400 
-11.7000 
-11.0600 
-10.9000 
-10.6400 
-10.1600 
-9.8600 
-10.1000 
-9.8600 
-9.2200 
-8.9800 
-8.7200 
-8.4800 
-7.8600 
-7.3800 
-7.2600 
-7.4000 
-7.5600 
-7.2800 
-6.5600 
-6.0000 
-5.6800 
-5.9200 
-5.7200 
-5.4400 
-5.0600 
-4.7200 
-6.1400 
-8.5200 
-10.8000 
-12.3200 
-12.8200 
-12.3200 
-11.7600 
-11.7600 
-11.9000 
-11.5800 
-11.0600 
-10.6400 
-10.0000 
-9.8000 
-9.8600 
-9.5600 
-9.1800 
-8.8200 
-8.3800 
-8.3600 
-7.7800 
-7.7600 
-7.4400 
-7.1400 
-6.9000 
-6.5000 
-6.1400 
-6.1000 
-5.8800 
-5.4400 
-5.3600 
-5.2000 
-4.8000 
-4.0800 
-4.2600 
-5.8600 
-8.0800 
-10.4400 
-12.3600 
-12.6200 
-11.8400 
-11.4400 
-11.3600 
-10.8800 
-10.3000 
-10.3200 
-10.1200 
-9.7800 
-9.4000 
-9.2200 
-8.8000 
-8.5000 
-8.3000 
-8.0200 
-7.6000 
-6.8800 
-6.6400 
-6.5800 
-6.3600 
-5.7800 
-5.4600 
-5.4400 
-4.8200 
-4.7200 
-4.8200 
-4.5200 
-3.8000 
-3.1600 
-2.7600 
-2.6400 
-2.5600 
-2.3800 
-1.8800 
-1.6000 
-1.3600 
-1.2800 
-.9600 
-.3400 
-.1600 
-.0200 
 .2400 
-.0600 
-2.3200 
-4.6200 
-6.8200 
-9.2000 
-11.1400 
-12.7200 
-12.6600 
-12.1400 
-11.6600 
-11.6000 
-11.7800 
-11.1200 
-10.8400 
-10.5200 
-9.7800 
-9.8200 
-9.6400 
-9.4200 
-8.7600 
-8.3800 
-7.9600 
-7.4000 
-7.3600 
-7.2800 
-6.7200 
-6.3600 
-6.3000 
-5.7800 
-5.5400 
-5.3600 
-4.4000 
-4.6800 
-4.6400 
-4.4800 
-4.3400 
-3.8600 
-3.8400 
-3.2400 
-3.1200 
-2.8000 
-2.8200 
-2.9200 
-2.8800 
-2.2400 
-1.9000 
-2.2600 
-1.8200 
-1.3000 
-1.8400 
-2.8400 
-5.7600 
-8.1800 
-8.7800 
-8.8000 
-8.3200 
-8.0000 
-8.1600 
-7.7000 
-7.3600 
-7.3000 
-7.2800 
-6.9600 
-6.0400 
-5.8000 
-5.8400 
-5.5400 
-5.1200 
-4.5600 
-4.8000 
-4.4000 
-3.4200 
-3.3600 
-3.5400 
-3.4400 
-3.3000 
-2.3200 
-1.6200 
-1.4400 
-1.9400 
-2.3000 
-1.8800 
-1.6200 
-3.6000 
-6.3600 
-8.1800 
-10.0400 
-10.0200 
-9.1800 
-8.7600 
-8.8000 
-8.4800 
-7.9200 
-8.4600 
-8.3400 
-7.4400 
-6.7200 
-6.5000 
-6.3000 
-5.8400 
-5.2000 
-4.7800 
-5.2600 
-5.3800 
-5.0000 
-4.1800 
-4.0200 
-3.9600 
-3.0800 
-2.8000 
-3.2000 
-3.4400 
-2.4200 
-1.5200 
-2.1400 
-1.6600 
-.5600 
-1.3000 
-1.3000 
 .2800 
-.7200 
-4.5600 
-7.7600 
-10.0600 
-11.5800 
-11.8400 
-10.6200 
-10.6400 
-11.2000 
-10.3200 
-9.4000 
-9.3000 
-9.2400 
-8.7000 
-8.7400 
-7.9400 
-7.4200 
-8.0000 
-7.7800 
-6.3400 
-6.6400 
-6.9600 
-5.9000 
-5.1800 
-5.6600 
-5.4800 
-4.1200 
-4.0800 
-4.5600 
-4.4600 
-3.5400 
-2.7400 
-3.1200 
-5.1600 
-7.8000 
-11.2800 
-12.5000 
-11.9200 
-12.0400 
-11.6000 
-11.2200 
-11.4400 
-11.0400 
-10.5200 
-10.1600 
-10.2400 
-9.7000 
-9.1200 
-8.9000 
-8.4800 
-8.5000 
-7.8600 
-7.2200 
-7.9200 
-7.6200 
-6.6400 
-6.3200 
-6.9000 
-6.2800 
-5.5800 
-5.1800 
-5.2600 
-5.4800 
-4.4000 
-4.3200 
-4.5800 
-4.0000 
-3.5000 
-3.8600 
-3.5200 
-2.4800 
-2.7000 
-2.6400 
-2.3600 
-1.9600 
-1.2200 
-1.5600 
-1.5400 
-1.2400 
-.6200 
-.4400 
-.7200 
-.4800 
 .4600 
 .9400 
 .9600 
 1.3600 
 .7800 
 1.2000 
 2.5600 
 2.0400 
 .3200 
-1.8400 
-4.0400 
-4.3800 
-3.8400 
-3.4400 
-3.0600 
-2.4800 
-3.2000 
-3.2200 
-2.2400 
-2.0800 
-1.7800 
-1.6400 
-1.6400 
-1.2000 
-.8800 
-.8400 
-.4800 
 .0800 
 .2400 
 .1800 
 .6400 
 .9400 
-.6600 
-3.6200 
-5.7600 
-7.2600 
-8.1000 
-8.2600 
-7.8800 
-6.9800 
-6.8400 
-6.7200 
-6.4600 
-6.0400 
-5.4000 
-5.5000 
-5.5800 
-5.1000 
-4.6600 
-4.4200 
-4.3200 
-4.3400 
-3.5200 
-3.6000 
-4.8800 
-5.3000 
-5.4800 
-5.9800 
-7.1200 
-8.9200 
-10.1800 
-10.7200 
-11.5200 
-12.0000 
-13.0400 
-14.0000 
-14.4200 
-15.0400 
-14.3200 
-13.5200 
-13.6800 
-13.5200 
-13.0600 
-13.0400 
-12.4200 
-11.5800 
-11.7800 
-11.8000 
-11.0800 
-10.6000 
-10.8800 
-10.2600 
-9.6800 
-9.5800 
-9.2200 
-8.8800 
-8.7200 
-8.2400 
-7.8400 
-7.4400 
-7.3000 
-6.9000 
-6.8600 
-6.4200 
-5.5000 
-5.0600 
-5.1400 
-4.8800 
-4.2000 
-3.6800 
-3.5600 
-3.2200 
-2.7200 
-2.8000 
-2.7800 
-2.2600 
-1.8400 
-1.8600 
-.9800 
-.7200 
-1.1600 
-.8000 
-.2600 
 .0200 
 .2800 
-1.4000 
-4.5800 
-7.6200 
-10.1600 
-11.1200 
-10.9400 
-10.3400 
-10.2400 
-10.0600 
-9.3200 
-9.1200 
-8.9400 
-8.2400 
-8.1000 
-8.1200 
-7.5200 
-7.1200 
-7.0800 
-6.8200 
-6.2400 
-6.2400 
-6.2400 
-5.8200 
-5.3200 
-5.1200 
-4.8800 
-4.9000 
-4.5200 
-4.0000 
-3.8400 
-3.6200 
-3.2200 
-2.8200 
-2.6400 
-2.1600 
-1.9200 
-2.1600 
-1.6000 
-.9600 
-.9400 
-1.0600 
-.6000 
-.1800 
-.0200 
 .5400 
 .6800 
 .9400 
 1.4400 
 1.8200 
 2.0600 
 1.9800 
 2.2400 
 2.6400 
 2.7600 
 3.2400 
 3.4200 
 3.3600 
 3.8800 
 4.5400 
 4.4600 
 4.8000 
 5.2800 
 5.1000 
 3.3600 
 .3600 
-2.6400 
-5.6200 
-7.7800 
-9.2600 
-10.7000 
-10.8000 
-10.2000 
-9.7600 
-9.4400 
-9.3800 
-9.1000 
-8.4600 
-8.5000 
-8.4600 
-7.7600 
-7.4400 
-7.3000 
-7.2200 
-7.2200 
-7.0800 
-6.2800 
-6.0000 
-5.8400 
-5.8400 
-5.8600 
-5.1600 
-4.7200 
-4.6600 
-4.6400 
-4.0200 
-3.9200 
-3.8400 
-3.3600 
-3.1600 
-2.9600 
-2.9000 
-2.4800 
-1.8400 
-1.4400 
-1.4600 
-1.4600 
-.7600 
-.1200 
 .0000 
 .1200 
 .7000 
 1.0600 
 .8800 
 1.2400 
 1.4800 
 1.4400 
 1.8800 
 2.1400 
 2.2400 
 2.6200 
 3.2000 
 3.5000 
 3.0600 
 3.2400 
 4.3000 
 4.4000 
 3.0200 
 .2000 
-2.5200 
-4.7200 
-7.4200 
-9.3400 
-10.1600 
-9.6800 
-9.3200 
-9.5600 
-8.9600 
-8.3000 
-8.1600 
-7.9000 
-7.4400 
-7.5200 
-6.9200 
-6.3800 
-6.6400 
-6.1800 
-5.5200 
-5.5200 
-4.9800 
-4.5400 
-4.7400 
-4.6800 
-3.9600 
-3.4600 
-3.6800 
-3.3600 
-2.8400 
-2.4000 
-2.1600 
-2.2600 
-2.3600 
-1.9000 
-1.3600 
-2.6400 
-4.4000 
-6.4000 
-6.9800 
-6.4200 
-6.0200 
-6.0000 
-5.9200 
-5.4400 
-5.5200 
-5.3000 
-4.7600 
-4.5800 
-4.3000 
-4.2800 
-3.8400 
-3.1600 
-2.9800 
-2.7200 
-2.6400 
-2.1800 
-1.6200 
-1.8800 
-2.0000 
-1.4400 
-1.2200 
-1.0400 
-.6400 
-.5600 
-.7000 
-.3800 
 .1800 
 .3600 
 .4800 
 .2000 
-.0800 
-.9000 
-2.1800 
-2.7000 
-3.6800 
-4.2400 
-4.8200 
-5.4000 
-6.0600 
-6.5600 
-6.1800 
-5.8400 
-5.9200 
-6.0000 
-5.7400 
-4.9800 
-4.8200 
-4.8600 
-4.6600 
-4.2600 
-4.1000 
-3.8200 
-3.4800 
-3.3000 
-3.2000 
-2.8800 
-2.4400 
-2.0200 
-2.0000 
-1.7000 
-1.3000 
-.8600 
-.8600 
-.9600 
-.5600 
 .1400 
 .6200 
 .4000 
 .6000 
 1.2600 
 .8600 
 .9600 
 1.8600 
 2.2800 
 2.0600 
 .3400 
-2.4800 
-5.4600 
-7.0600 
-6.5200 
-5.9600 
-5.6800 
-5.2800 
-5.0200 
-4.8800 
-4.6600 
-4.1800 
-3.7200 
-3.4600 
-3.4200 
-2.6200 
-2.1000 
-2.1000 
-2.1600 
-1.6800 
-1.2400 
-1.1200 
-.7200 
-.3000 
-.1600 
-.2400 
 .3200 
 .7000 
 .7200 
 1.2000 
-.5400 
-3.3400 
-5.4000 
-6.7000 
-6.8200 
-6.0600 
-5.4400 
-5.3600 
-5.0800 
-4.8600 
-4.9400 
-4.6200 
-4.2200 
-3.6000 
-3.5200 
-3.1600 
-3.1200 
-3.0400 
-2.7400 
-2.4800 
-1.7400 
-1.5600 
-1.3800 
-1.2600 
-1.1200 
-.5800 
-.2400 
-.1200 
-.0200 
 .1800 
 .3400 
 .9400 
 .7200 
-.9200 
-3.0400 
-5.0400 
-6.7200 
-8.2800 
-9.3400 
-8.8800 
-8.1600 
-7.9000 
-7.9000 
-7.4200 
-7.0600 
-7.0800 
-6.5400 
-5.9800 
-5.8000 
-5.4400 
-5.2400 
-5.3200 
-4.7400 
-4.3600 
-4.0200 
-3.6000 
-3.3000 
-3.3800 
-2.9600 
-2.5800 
-2.3400 
-1.6800 
-1.5200 
-1.1400 
-.5000 
-1.5600 
-4.7200 
-7.5200 
-10.0800 
-11.6800 
-12.0800 
-11.5200 
-10.5800 
-10.4000 
-10.7600 
-10.3400 
-9.7800 
-9.2000 
-9.0400 
-8.8200 
-8.7200 
-8.4000 
-7.9400 
-7.6800 
-7.9400 
-7.6800 
-6.9200 
-6.2600 
-6.2400 
-6.4200 
-6.2600 
-5.4000 
-5.3000 
-4.9800 
-4.5600 
-4.4200 
-4.5600 
-4.0200 
-3.8400 
-5.0400 
-6.7200 
-8.0800 
-8.2000 
-7.2000 
-7.2800 
-7.2000 
-6.7200 
-6.4800 
-6.8000 
-6.0800 
-5.5600 
-5.4800 
-5.2200 
-4.4800 
-4.2600 
-4.3200 
-4.0800 
-3.4600 
-3.3800 
-3.0600 
-3.1000 
-2.9000 
-2.6200 
-2.1800 
-2.5000 
-2.7200 
-1.9000 
-1.6200 
-1.6000 
-2.5800 
-4.9000 
-6.8000 
-8.8400 
-9.7800 
-9.6400 
-9.3800 
-8.8000 
-8.4800 
-8.7600 
-8.0400 
-7.6400 
-7.8400 
-7.5200 
-7.2400 
-6.8200 
-6.3600 
-5.8600 
-5.7200 
-5.9400 
-5.6000 
-4.8000 
-4.4800 
-4.4400 
-4.4200 
-4.0800 
-3.6400 
-3.4800 
-2.9600 
-2.7400 
-2.3200 
-1.6800 
-1.6200 
-1.4600 
-1.2000 
-2.6200 
-4.8600 
-6.8200 
-7.9600 
-7.4600 
-6.8000 
-6.8800 
-6.9600 
-6.7400 
-6.6400 
-6.0400 
-5.4600 
-5.3600 
-5.2200 
-4.8200 
-4.6800 
-4.2600 
-4.1200 
-4.3200 
-3.8600 
-3.5800 
-3.2600 
-2.8200 
-2.4600 
-2.1000 
-2.0800 
-1.9200 
-1.7000 
-1.5400 
-1.4400 
-.9200 
-.5600 
-.2600 
 .0600 
 .5600 
 .6400 
 .4600 
-.9000 
-2.7600 
-4.0600 
-4.1600 
-3.7800 
-3.2200 
-3.0400 
-3.1400 
-2.8200 
-2.4000 
-2.0800 
-1.9400 
-1.6400 
-.9800 
-.5000 
-.6400 
-.2600 
 .3000 
 .1000 
 .2800 
 .9400 
 1.3400 
 1.4800 
 1.8400 
 2.3000 
 2.4000 
 2.2000 
 2.5600 
 3.0800 
 3.2800 
 1.6800 
-1.2800 
-4.2800 
-6.3200 
-7.5200 
-8.1400 
-8.1000 
-7.4800 
-6.6400 
-6.2600 
-6.4200 
-6.2400 
-5.9200 
-5.5800 
-5.5000 
-5.0400 
-4.7200 
-4.4800 
-4.0800 
-3.6200 
-3.9000 
-4.0800 
-3.4200 
-3.0400 
-2.8800 
-3.6800 
-5.2000 
-6.6400 
-7.2000 
-6.4000 
-5.8000 
-6.0800 
-5.3800 
-5.2000 
-5.2200 
-5.0400 
-4.5600 
-4.0800 
-3.7600 
-3.4600 
-3.2600 
-3.2400 
-3.2000 
-2.7600 
-2.4800 
-2.2400 
-2.0800 
-2.2400 
-1.5400 
-1.1000 
-.8400 
-.6600 
-.4000 
-.0800 
 .0800 
 .5600 
 .6200 
 .6000 
 1.1200 
 1.4200 
 1.5200 
 1.8400 
 2.2400 
 2.3200 
 2.6400 
 2.7200 
 2.8000 
 3.2000 
 3.7400 
 4.0200 
 4.0000 
 4.3800 
 4.8600 
 4.9600 
 5.2000 
 5.2000 
 5.3800 
 5.7200 
 6.2600 
 6.2400 
 6.2200 
 6.7800 
 7.2200 
 5.4200 
 2.0800 
-1.1000 
-4.2600 
-7.0600 
-8.8000 
-8.9000 
-8.5200 
-7.8400 
-7.3000 
-7.5200 
-7.2800 
-6.7600 
-6.3400 
-5.6800 
-5.3000 
-5.2200 
-4.9600 
-4.4400 
-4.0000 
-3.9200 
-3.7600 
-3.6200 
-3.1200 
-2.9600 
-2.8200 
-2.2000 
-1.7000 
-1.3400 
-1.1800 
-.9200 
-.5000 
-.2600 
-.1600 
 .0000 
 .4600 
 .7200 
 1.0400 
 1.1400 
 1.1800 
 1.6800 
 2.2400 
 2.2400 
 2.3200 
 2.8600 
 3.1200 
 3.1200 
 3.1000 
 3.4200 
 4.3400 
 4.4000 
 4.5800 
 5.1000 
 5.2000 
 5.0400 
 5.4400 
 6.0800 
 6.2000 
 5.9000 
 6.2000 
 6.8600 
 6.9600 
 7.0400 
 7.5200 
 7.6800 
 7.5800 
 5.7400 
 2.7000 
-.4800 
-3.6000 
-6.4200 
-8.0000 
-8.3200 
-8.2600 
-7.9600 
-7.8200 
-7.6200 
-7.0600 
-7.1600 
-7.3600 
-6.5800 
-5.7600 
-5.6800 
-5.7000 
-5.6800 
-4.9600 
-4.8000 
-4.8200 
-4.7200 
-4.3200 
-3.6000 
-3.0200 
-3.1200 
-3.3000 
-3.2800 
-2.6000 
-2.3000 
-1.9600 
-1.6400 
-1.6200 
-1.3400 
-1.0600 
-.6400 
-.3400 
-.1600 
-.1000 
-.1000 
 .5400 
 1.0200 
 1.3000 
 1.1200 
-.5000 
-2.6400 
-4.3200 
-5.3800 
-4.7800 
-3.9400 
-3.4400 
-3.5200 
-3.1000 
-2.8200 
-2.9800 
-2.5800 
-1.9800 
-1.3200 
-1.0400 
-1.0800 
-.7400 
-.2800 
 .0200 
 .0400 
 .6000 
 .6400 
 .8600 
 1.1000 
 1.3200 
 1.5200 
 2.0000 
 2.0200 
 1.9200 
 2.5400 
 3.0200 
 3.0000 
 3.3400 
 3.6000 
 4.0800 
 4.1000 
 4.3000 
 4.8600 
 4.8000 
 4.8600 
 4.9600 
 5.5200 
 5.4600 
 5.4800 
 6.2000 
 6.6200 
 6.2400 
 6.0800 
 5.3600 
 2.5400 
-1.0200 
-3.1200 
-4.5600 
-6.7000 
-7.9600 
-7.6200 
-6.5400 
-6.0800 
-6.6400 
-6.6400 
-6.0200 
-5.2000 
-4.7800 
-5.1200 
-4.7200 
-4.0200 
-3.9000 
-4.1200 
-3.6000 
-2.7400 
-2.8000 
-2.7400 
-2.3400 
-2.0600 
-1.7000 
-1.6400 
-1.0600 
-.9600 
-1.0400 
-.8200 
-.0800 
 .1600 
 .0200 
 .3200 
 .7200 
 1.1200 
 1.4600 
 1.6200 
 2.0800 
 .9400 
-.9800 
-2.7200 
-3.2800 
-2.6000 
-1.8600 
-1.6800 
-1.7600 
-1.7000 
-1.3000 
-.9600 
-.7200 
-.5800 
-.1000 
 .1600 
 .4800 
 .7200 
 1.0200 
 1.2800 
 1.3400 
 1.6000 
 2.0000 
 2.1200 
 2.4800 
 3.0400 
 3.1800 
 2.7000 
 2.7000 
 3.3400 
 3.8600 
 4.2800 
 4.5600 
 4.4600 
 4.4800 
 4.9200 
 5.2800 
 5.1600 
 5.5800 
 6.1200 
 6.4800 
 5.0400 
 2.5600 
 .2800 
-2.2400 
-3.9600 
-5.0200 
-6.1800 
-6.2000 
-5.2000 
-4.9600 
-5.2800 
-4.6600 
-4.5800 
-4.6400 
-4.3200 
-3.7200 
-3.4400 
-3.5400 
-3.0000 
-2.6000 
-2.8200 
-3.1400 
-2.1000 
-.9800 
-1.2200 
-1.3000 
-.9000 
-.2400 
 .0600 
 .2200 
 .9600 
 .6400 
 .7000 
 1.5600 
 2.0400 
 2.1200 
 2.4600 
 2.8600 
 2.7600 
 3.2600 
 3.8200 
 3.9800 
 4.2000 
 4.5200 
 4.4800 
 2.7000 
-.2000 
-2.4400 
-4.5800 
-4.9200 
-3.7400 
-3.4000 
-3.7800 
-3.0800 
-2.5600 
-2.8200 
-2.6400 
-2.0800 
-1.3000 
-.8400 
-.6600 
-.4600 
-.1600 
-.2400 
 .2200 
 1.3200 
 1.0400 
 .5600 
 1.5800 
 2.2200 
 1.7600 
 2.7200 
 2.7200 
 3.0400 
 3.2000 
 2.8800 
 3.4200 
 3.7400 
 3.9600 
 4.5800 
 4.9600 
 4.6200 
 4.6400 
 5.2000 
 5.4400 
 5.7200 
 6.1000 
 6.6600 
 4.8000 
 1.4800 
-.8200 
-3.1200 
-4.7200 
-5.4400 
-5.0400 
-4.2400 
-3.8600 
-3.8600 
-4.1200 
-3.6200 
-3.1000 
-3.2600 
-2.9600 
-2.6400 
-2.5000 
-1.7800 
-1.2800 
-1.1200 
-1.2000 
-.8800 
-.1000 
-.0800 
-.3200 
-.1000 
 .3600 
 .4400 
 .0800 
 .7200 
 .9600 
 1.2400 
 1.6400 
 1.9200 
 2.2200 
 2.5000 
 2.8600 
 3.0200 
 2.7600 
 .9600 
-1.5200 
-3.7200 
-5.9200 
-7.6200 
-8.6000 
-7.5000 
-6.4000 
-6.7600 
-7.1400 
-7.0600 
-6.4800 
-5.9200 
-5.7800 
-5.6400 
-5.2800 
-4.9200 
-4.4200 
-3.9200 
-3.7800 
-3.5200 
-3.6200 
-3.3600 
-2.7800 
-2.6200 
-2.3200 
-2.2000 
-2.0200 
-1.4400 
-1.7000 
-1.6000 
-.9400 
-.8600 
-.1800 
-.0200 
-.2600 
-.0200 
 .5600 
 1.0800 
 1.5400 
 2.0800 
 2.3400 
 2.7200 
 2.6800 
 1.3400 
-1.4800 
-2.9400 
-3.8400 
-4.4000 
-3.4600 
-2.7200 
-3.1000 
-3.2800 
-3.0600 
-2.9800 
-2.4800 
-2.2400 
-2.0800 
-1.2800 
-1.1000 
-.8600 
-.7400 
-.4400 
-.2000 
 .0800 
 .5600 
 .3800 
 1.1200 
 1.7400 
 1.4400 
 1.6000 
 2.1800 
 1.8400 
 2.0000 
 2.3800 
 2.4800 
 3.3800 
 3.9000 
 3.5200 
 3.9200 
 4.3200 
 4.0800 
 4.7200 
 4.5600 
 1.8400 
-.1800 
-1.3000 
-2.4600 
-2.0800 
-.8800 
-1.6800 
-2.1800 
-1.0200 
-.1000 
-.1000 
-.3400 
-.0200 
 .4200 
 .9200 
 1.0400 
 1.1200 
 1.2600 
 1.3600 
 1.9000 
 2.2200 
 2.4200 
 2.4800 
 3.1200 
 3.5200 
 3.3600 
 3.3600 
 4.1600 
 4.5600 
 4.2000 
 4.1800 
 4.8000 
 5.5000 
 4.1000 
 1.2600 
 .2400 
-.3400 
-1.6200 
-1.6800 
-1.0000 
-1.1200 
-.5800 
 .1600 
-.1600 
-.0800 
 .6200 
 .7000 
 .9200 
 1.1800 
 .8800 
 .5600 
 1.4200 
 1.9000 
 1.9800 
 2.4000 
 2.5400 
 1.5200 
-.2400 
-1.7000 
-2.3200 
-1.8600 
-1.1200 
-1.0600 
-1.0400 
-.6600 
-.5400 
-.6200 
-.5800 
-.1600 
 .1600 
 .5200 
 .8600 
 1.2800 
 1.6800 
 1.5200 
 1.9000 
 2.2200 
 2.2800 
 2.5200 
 2.6600 
 2.9200 
 3.2600 
 3.5000 
 3.7200 
 3.8400 
 4.0800 
 4.4000 
 5.0800 
 4.9400 
 4.8000 
 4.8800 
 3.9400 
 2.8000 
 1.8400 
 .7200 
-.2000 
-1.1200 
-2.3600 
-3.8400 
-5.1400 
-5.8600 
-6.4400 
-5.9800 
-5.2200 
-5.4600 
-5.6000 
-5.1600 
-4.5200 
-4.4800 
-4.4600 
-4.0000 
-3.5400 
-3.6000 
-3.2800 
-2.9600 
-2.9800 
-2.7000 
-2.0200 
-1.8600 
-1.5200 
-.8800 
-.5600 
-.8200 
-.4800 
 .1200 
 .5600 
 .5800 
 .6600 
 1.0600 
 1.2600 
 1.4800 
 1.8000 
 2.4000 
 2.7400 
 2.3200 
 2.9200 
 3.6600 
 3.7600 
 3.8000 
 4.3000 
 4.4000 
 4.6200 
 5.0400 
 5.2800 
 5.9000 
 6.0600 
 6.3800 
 6.8800 
 6.8000 
 6.8600 
 7.4400 
 7.8400 
 8.3200 
 8.6600 
 6.3200 
 2.6800 
 .0600 
-2.1200 
-5.2600 
-6.0400 
-5.5200 
-5.0600 
-4.8800 
-4.8200 
-4.7600 
-4.3600 
-3.7600 
-3.4400 
-3.7600 
-3.6000 
-3.0000 
-2.3400 
-2.2400 
-2.5600 
-1.9600 
-1.4400 
-1.8400 
-2.0000 
-.8800 
-.3400 
-.8800 
-.2400 
 .4200 
 .2800 
 .0400 
 .0800 
 .8000 
 1.1000 
 1.1000 
 1.5000 
 1.7000 
 1.8600 
 2.0000 
 1.8200 
 2.1000 
 2.4200 
 2.4000 
 2.9600 
 3.1200 
 .8800 
-2.1600 
-4.5800 
-5.6800 
-5.4400 
-4.8200 
-4.4000 
-4.0200 
-3.6800 
-3.7400 
-3.7200 
-3.0000 
-2.4200 
-2.3600 
-1.9200 
-1.8600 
-1.1800 
-.2400 
-.4800 
-.7000 
-.4800 
-.0200 
 .7600 
 1.0400 
 .8000 
 .9600 
 1.5200 
 1.7000 
 1.4400 
 1.6400 
 2.4600 
 2.8000 
 2.6400 
 2.8800 
 3.6200 
 3.5000 
 3.7400 
 4.1000 
 3.9400 
 4.2800 
 5.1800 
 4.7800 
 2.5600 
-.8800 
-3.5400 
-5.2400 
-6.7800 
-7.2800 
-6.8400 
-6.0800 
-5.7600 
-5.8600 
-5.8400 
-5.8000 
-5.4200 
-5.1400 
-4.4800 
-4.3200 
-4.1200 
-3.5200 
-3.8000 
-3.6000 
-2.9000 
-2.6400 
-2.5800 
-2.3000 
-1.2800 
-1.6000 
-1.8600 
-1.3600 
-1.0400 
-.8000 
-1.2200 
-2.9400 
-5.0000 
-6.7200 
-6.7000 
-5.7600 
-5.6000 
-6.0800 
-5.8800 
-5.3200 
-5.1400 
-4.9800 
-4.5800 
-4.2200 
-4.4000 
-3.7800 
-3.4800 
-3.4800 
-2.6000 
-2.5400 
-2.6400 
-2.5000 
-2.0000 
-1.1400 
-1.3800 
-1.0200 
-.5800 
-.6600 
-.7800 
-1.9200 
-4.0200 
-5.6000 
-5.4000 
-4.9200 
-4.4800 
-4.3200 
-4.0200 
-3.5800 
-3.2200 
-3.0600 
-3.1800 
-2.8000 
-2.4800 
-2.2400 
-1.9000 
-1.7000 
-1.5200 
-1.2600 
-.4800 
-.4800 
-.4800 
 .1800 
 .7600 
 1.1000 
 .4800 
 .7400 
 1.5800 
 1.5400 
 1.7600 
 2.0000 
 2.2800 
 2.7200 
 3.3600 
 3.2200 
 3.1000 
 2.4800 
 .3400 
-2.7000 
-4.9600 
-6.4000 
-6.5600 
-5.0400 
-4.5200 
-5.2400 
-4.8200 
-4.1800 
-4.3400 
-4.1600 
-3.0600 
-3.1200 
-3.3000 
-2.8200 
-2.0200 
-1.9200 
-2.1000 
-1.7600 
-1.0600 
-1.1200 
-.5800 
-.5000 
-.3000 
-.0600 
-.0800 
 .2400 
 .8800 
 1.4400 
 1.2800 
-.5800 
-3.1000 
-5.0200 
-6.9600 
-8.1800 
-7.9400 
-7.1800 
-6.7200 
-6.5600 
-6.0800 
-6.1800 
-5.4600 
-5.1200 
-5.6000 
-5.5400 
-5.2200 
-4.6600 
-3.8600 
-3.8400 
-4.4800 
-4.3600 
-3.6600 
-3.5600 
-3.5200 
-3.2800 
-2.6400 
-2.2200 
-2.2400 
-2.0800 
-1.7400 
-1.6600 
-.9800 
-.2600 
-.3000 
-.6400 
-.2000 
 .5400 
 .5600 
 .4600 
 1.4400 
 .3000 
-2.1600 
-3.7200 
-4.7000 
-4.4800 
-4.2000 
-4.3800 
-3.4600 
-2.6600 
-3.4200 
-3.7000 
-2.8600 
-2.2000 
-2.1000 
-2.5000 
-1.7200 
-.9800 
-1.2200 
-1.2600 
-1.0400 
-.6400 
-.1800 
-.0400 
-.3400 
 .2800 
 .8600 
 .9400 
 1.3400 
 1.7400 
 1.2800 
 1.6400 
 2.3000 
 1.7200 
-.2400 
-2.3800 
-3.8600 
-5.8000 
-6.7600 
-5.2200 
-4.0200 
-5.2000 
-5.1200 
-3.6400 
-4.1200 
-4.0200 
-3.3200 
-3.3000 
-3.4400 
-2.5600 
-2.2400 
-2.5000 
-2.4800 
-2.0800 
-2.0200 
-1.2000 
-.3000 
-.4800 
-.6400 
-.3400 
 .6200 
 .8800 
 1.0200 
 1.1400 
 1.4000 
 1.6000 
 1.4000 
 2.0000 
 2.1600 
 2.4800 
 3.2600 
 2.7800 
 2.9400 
 3.3000 
 1.5600 
-.8000 
-3.3600 
-5.6000 
-7.5200 
-8.8200 
-8.6000 
-7.5200 
-7.3800 
-7.4000 
-6.9600 
-6.8400 
-6.8200 
-6.7200 
-6.3000 
-6.1600 
-5.5200 
-5.6400 
-4.6600 
-4.1600 
-4.4200 
-4.1200 
-3.7800 
-4.0200 
-3.6800 
-3.1800 
-3.3800 
-3.0400 
-1.7800 
-2.0800 
-2.6600 
-1.4000 
-1.2800 
-1.6200 
-.9800 
-.5800 
-.4000 
-.7000 
 .0600 
 .6400 
 .1600 
-.1600 
 .3800 
 .8600 
 1.4400 
 1.8000 
 1.1600 
 1.5200 
 2.5600 
 2.6200 
 2.3800 
 2.5000 
 3.5400 
 3.9800 
 3.2600 
 3.7400 
 4.8800 
 4.8800 
 4.8000 
 5.1600 
 5.4200 
 5.5400 
 6.1000 
 6.1400 
 6.5800 
 6.6400 
 6.5400 
 6.8600 
 7.2400 
 7.8200 
 7.6800 
 7.3600 
 7.8600 
 8.5000 
 9.0400 
 9.2600 
 8.8600 
 8.8600 
 9.5600 
 10.1400 
 10.3000 
 9.9200 
 10.2600 
 10.8000 
 11.2800 
 11.5200 
 11.9000 
 11.7600 
 10.4200 
 6.5600 
 2.2200 
-1.5400 
-4.0200 
-5.4000 
-7.0000 
-7.1200 
-6.1000 
-5.7600 
-5.7600 
-5.4400 
-5.1000 
-5.1000 
-4.6400 
-4.3400 
-4.3400 
-3.9000 
-4.1000 
-4.1000 
-3.3800 
-3.1200 
-2.9600 
-2.9800 
-2.8000 
-2.7400 
-3.3800 
-5.0000 
-6.2800 
-6.3600 
-5.7000 
-4.9200 
-5.0600 
-5.2000 
-4.4600 
-4.5800 
-4.3200 
-3.3800 
-3.2400 
-3.2400 
-3.1400 
-2.6800 
-2.2600 
-2.3200 
-2.1200 
-1.8000 
-1.2400 
-.7600 
-.1800 
-.7400 
-.5000 
 .0800 
 .2000 
 .6000 
 1.2200 
 1.3000 
 1.3600 
 1.3600 
 1.9200 
 2.1200 
 2.1600 
 2.3400 
 2.6000 
 2.8000 
 3.0200 
 3.7400 
 3.3400 
 3.5200 
 3.6600 
 1.6000 
-.9400 
-3.2800 
-4.4600 
-4.3200 
-4.0000 
-3.9400 
-3.2800 
-2.9000 
-2.5600 
-2.4600 
-2.4400 
-2.0800 
-1.6000 
-1.4600 
-1.5600 
-1.2200 
-.6400 
-.9600 
-.4200 
-.0600 
 .3400 
 .5200 
 .3600 
 1.1000 
 1.2400 
 1.1000 
 1.5600 
 1.7400 
 1.1800 
-.7400 
-3.3600 
-5.7600 
-7.6000 
-7.7600 
-6.5600 
-6.1600 
-6.9400 
-6.7000 
-5.3000 
-5.2200 
-5.6200 
-5.4000 
-4.8000 
-4.1600 
-4.0200 
-4.3400 
-3.7600 
-3.2600 
-3.0400 
-2.8800 
-4.0000 
-5.6400 
-6.8400 
-7.2800 
-6.4000 
-6.2000 
-5.7800 
-5.9600 
-5.6000 
-5.0600 
-4.8200 
-4.8000 
-4.4000 
-3.7800 
-3.7600 
-3.7400 
-3.6200 
-3.8400 
-2.8200 
-2.5800 
-2.5800 
-2.2600 
-1.5600 
-.9600 
-1.2400 
-1.5400 
-.8200 
-.0400 
 .0000 
 .0800 
 .3200 
 .5800 
 1.0200 
 1.2600 
 1.6200 
 1.3000 
 1.1400 
 1.8200 
 2.3000 
 2.2200 
 2.7000 
 3.0400 
 2.9000 
 3.2800 
 3.4800 
 4.0800 
 4.8000 
 4.2400 
 4.5400 
 5.1200 
 5.5000 
 6.0400 
 5.8000 
 6.4000 
 6.7400 
 6.7000 
 6.1600 
 4.2600 
 1.1200 
-2.1400 
-4.9000 
-7.7800 
-9.0800 
-9.8400 
-9.8400 
-8.4800 
-8.1600 
-8.7800 
-8.5400 
-8.2200 
-7.6000 
-6.9600 
-7.3000 
-7.3400 
-6.4000 
-6.5000 
-6.5800 
-5.6200 
-5.3600 
-5.3600 
-5.3000 
-5.4400 
-4.8000 
-4.0400 
-4.2400 
-6.2600 
-8.3800 
-9.5000 
-9.9400 
-9.7600 
-8.8600 
-8.5600 
-8.5600 
-8.3800 
-8.0000 
-7.3000 
-6.2200 
-6.3200 
-7.2000 
-6.6000 
-5.4000 
-6.0000 
-6.2000 
-5.0000 
-4.9000 
-5.7400 
-5.3000 
-4.4200 
-4.3400 
-4.1200 
-3.5400 
-3.2800 
-3.1600 
-3.0600 
-2.3800 
-2.0000 
-1.6800 
-1.4000 
-1.3600 
-1.3600 
-.8000 
-.2600 
-.4200 
-.3400 
 .2400 
 .2200 
 .3200 
 1.0400 
 .6200 
-2.5000 
-5.6600 
-8.0200 
-9.5800 
-9.5400 
-9.3600 
-9.1200 
-8.8000 
-8.5600 
-8.7000 
-8.1800 
-7.2800 
-7.6200 
-7.4000 
-6.7800 
-6.6000 
-6.5600 
-6.4600 
-6.2400 
-5.8600 
-5.4200 
-5.5400 
-5.2800 
-5.1400 
-4.7600 
-4.4200 
-4.1800 
-3.7200 
-3.6800 
-3.5400 
-2.9800 
-3.3400 
-4.4600 
-5.2000 
-4.9800 
-4.2600 
-4.1600 
-3.8400 
-3.3000 
-2.8400 
-2.8800 
-2.6800 
-2.4600 
-2.1600 
-1.6200 
-1.3000 
-1.1000 
-.8800 
-.7400 
-.2800 
-.0200 
 .3800 
 .5200 
 .7000 
 1.4800 
 1.4400 
 1.3600 
 1.5400 
 1.9200 
 2.2400 
 2.7400 
 2.8800 
 2.6200 
 2.8000 
 3.2400 
 3.7800 
 4.1600 
 4.5000 
 4.7800 
 4.6400 
 4.5600 
 5.1800 
 5.5200 
 5.9200 
 6.3200 
 5.2600 
 2.5400 
-.1600 
-2.8000 
-5.3600 
-6.8800 
-6.8800 
-5.7800 
-5.2000 
-5.5400 
-5.6800 
-5.1600 
-4.7200 
-4.5200 
-4.0800 
-3.6200 
-3.4000 
-3.2800 
-2.6600 
-2.1800 
-2.1600 
-2.0200 
-1.9400 
-1.7800 
-1.3000 
-.9200 
-1.1000 
-.7200 
-.0400 
-.0800 
-.0400 
 .4000 
 .8800 
 1.2600 
 1.5800 
 1.9000 
 2.1200 
 2.3200 
 2.4000 
 2.4200 
 2.2200 
 .5600 
-1.0800 
-1.3800 
-.5800 
-.2400 
-.2400 
 .1600 
 .1400 
 .4600 
 .6400 
 1.3800 
 1.7200 
 1.2800 
 1.8200 
 2.4600 
 2.4000 
 2.6200 
 2.8000 
 2.8800 
 3.2400 
 3.9600 
 3.8800 
 4.1600 
 4.5600 
 4.6400 
 3.7200 
 1.7400 
-.1200 
-1.2800 
-1.2400 
-.9600 
-.6000 
-.1800 
 .2000 
 .5200 
 .6000 
 .8400 
 .9600 
 1.4400 
 1.4400 
 1.7600 
 2.1400 
 2.1600 
 2.3800 
 2.4800 
 2.8400 
 2.8800 
 3.1800 
 3.7800 
 3.8200 
 4.2000 
 4.8400 
 4.8800 
 4.6000 
 4.8800 
 5.4400 
 5.6600 
 5.9200 
 6.3800 
 6.6200 
 6.7000 
 6.8600 
 7.0400 
 7.2000 
 7.6800 
 8.0200 
 8.7800 
 7.5800 
 4.1400 
 1.4000 
-1.0000 
-3.4400 
-5.4200 
-6.6600 
-6.7400 
-5.9800 
-5.7600 
-5.7600 
-5.2200 
-4.4200 
-4.2400 
-4.2400 
-3.8800 
-3.4000 
-3.1800 
-3.0600 
-2.6600 
-2.3200 
-1.9400 
-2.0000 
-1.6200 
-1.2600 
-.9600 
-.3200 
-.1400 
-.4000 
-.1800 
 .6800 
 .5400 
 .1800 
 .8800 
 1.4800 
 1.6000 
 1.5800 
 2.1400 
 2.4200 
 2.2400 
 2.5200 
 2.7000 
 2.8800 
 3.6200 
 3.5000 
 2.8600 
 3.0400 
 2.0200 
-.8400 
-3.2000 
-4.5600 
-5.0600 
-5.1200 
-4.8200 
-4.3800 
-4.0000 
-3.6200 
-3.3800 
-3.3800 
-3.3600 
-2.9600 
-2.1600 
-2.2000 
-2.5000 
-1.9000 
-1.4600 
-1.2200 
-1.0200 
-1.2400 
-1.2200 
-.8000 
-.2600 
 .3000 
-.0600 
-.1800 
 .4800 
 .7200 
 1.1600 
 1.4000 
 1.0400 
 1.1200 
 1.7400 
 2.3800 
 2.2400 
 2.0600 
 1.6800 
 .7200 
-.7000 
-1.7800 
-1.4200 
-.9400 
-.9800 
-.9600 
-.4800 
-.1800 
-.3400 
-.0800 
 .4600 
 .8000 
 1.0200 
 1.2000 
 1.7600 
 2.0600 
 2.0600 
 2.3000 
 2.7000 
 2.9400 
 3.1200 
 3.2200 
 3.3800 
 3.8400 
 4.1400 
 2.8800 
 .0800 
-2.0800 
-3.4800 
-3.6800 
-3.2200 
-3.5000 
-3.0400 
-2.1000 
-2.1600 
-2.1600 
-1.6400 
-1.5400 
-1.4600 
-1.1400 
-.8400 
-.4400 
 .0000 
 .3600 
 .4800 
 .7800 
 .9200 
 .9400 
 1.4400 
 1.3400 
 1.6800 
 2.1000 
 1.9000 
 2.5600 
 3.2000 
 3.4000 
 2.7400 
 .2200 
-2.2200 
-4.1600 
-5.5600 
-7.1000 
-7.2800 
-6.6600 
-6.5800 
-6.5400 
-6.2800 
-6.1200 
-5.8000 
-5.5200 
-5.0600 
-4.5600 
-4.1000 
-4.4000 
-4.3600 
-4.1600 
-3.6800 
-3.3800 
-2.9600 
-2.5000 
-2.3200 
-1.9200 
-1.8600 
-2.1000 
-1.4600 
-.9800 
-1.8400 
-3.9600 
-5.3200 
-5.7600 
-5.4600 
-4.9800 
-4.7200 
-4.2600 
-4.2800 
-4.3600 
-3.8400 
-3.4000 
-3.1400 
-2.9800 
-2.8800 
-2.6600 
-2.3800 
-2.2800 
-1.9200 
-1.6600 
-1.0600 
-.8200 
-1.1200 
-.9000 
-.4800 
-.3800 
-.5200 
-2.1000 
-4.6600 
-6.2400 
-6.9600 
-7.5200 
-6.8800 
-5.9400 
-5.5400 
-5.5600 
-5.2200 
-5.2600 
-5.1200 
-4.8400 
-4.2600 
-3.7200 
-3.8200 
-3.5800 
-2.8800 
-2.4400 
-2.7000 
-2.7200 
-2.3400 
-1.7800 
-1.3400 
-1.7600 
-1.3200 
-1.0600 
-.8200 
-.7200 
-.4800 
-.3200 
-.0200 
 .4000 
 1.0400 
 1.1000 
 .6600 
-1.4400 
-4.0800 
-5.7000 
-6.3200 
-6.9800 
-6.6600 
-6.2400 
-6.1000 
-5.5200 
-5.2800 
-5.1400 
-4.8800 
-4.3400 
-3.8600 
-3.7200 
-3.5800 
-3.3400 
-2.7800 
-2.8800 
-2.5800 
-2.2400 
-2.1000 
-1.8600 
-1.5400 
-1.1400 
-.9200 
-.8000 
-.3400 
-.0800 
-.0800 
 .2000 
 .4600 
 .4600 
 .7000 
 .2400 
-1.9200 
-3.9200 
-4.6400 
-4.5200 
-4.2400 
-4.0000 
-3.9800 
-3.9800 
-3.4600 
-2.9800 
-2.7200 
-2.5600 
-2.3200 
-1.7600 
-1.5200 
-1.4200 
-1.1000 
-1.0400 
-1.2400 
-.6600 
-.2000 
-.0800 
 .1600 
 .4400 
 .8000 
 1.2200 
 1.1000 
 .5800 
-1.1600 
-3.2800 
-4.9600 
-5.2600 
-4.6400 
-4.1200 
-4.1000 
-4.1400 
-3.8400 
-3.2400 
-2.8200 
-2.8400 
-2.4800 
-1.7600 
-1.9200 
-2.1000 
-1.9400 
-1.4800 
-1.2000 
-.8800 
-.5600 
-.7200 
-.1000 
 .3000 
 .2600 
 .5600 
 .7800 
 .9600 
 1.0400 
 1.5400 
 2.0400 
 2.0000 
 2.3400 
 2.5800 
 2.9000 
 2.8800 
 3.0400 
 3.4400 
 3.8200 
 3.9200 
 4.4400 
 5.0400 
 5.0400 
 5.1800 
 5.7800 
 5.7600 
 3.8400 
 1.0000 
-2.1200 
-4.8200 
-6.0400 
-6.8200 
-7.0600 
-6.4000 
-6.0200 
-6.1400 
-5.8600 
-5.6000 
-5.3600 
-5.3000 
-5.0600 
-4.5600 
-4.1200 
-4.3200 
-4.0800 
-3.5200 
-3.5200 
-3.3000 
-2.8800 
-2.4000 
-2.4800 
-2.2600 
-1.9200 
-1.7400 
-1.4400 
-1.2200 
-.8000 
-.5600 
-.0800 
 .2600 
 .1600 
 .3000 
 .9200 
 1.0400 
-.3200 
-2.4800 
-4.0600 
-5.5400 
-5.9600 
-5.4200 
-4.9000 
-4.7000 
-4.3200 
-3.8800 
-4.0200 
-4.0200 
-3.6000 
-3.1200 
-2.9800 
-2.5800 
-2.1000 
-2.1600 
-1.9200 
-1.6200 
-1.1600 
-1.2000 
-1.1200 
-.6200 
-.1600 
-.1000 
 .1200 
 .4400 
-.5600 
-2.7400 
-4.6400 
-5.4600 
-5.1400 
-4.4800 
-3.8400 
-3.7600 
-3.6200 
-3.4200 
-3.1000 
-2.9000 
-2.6600 
-2.1600 
-1.7200 
-1.4400 
-1.2800 
-1.4800 
-1.6200 
-1.7600 
-1.2800 
-.8600 
-.8200 
-.7400 
-.7200 
-.5600 
-.4000 
-.6400 
-1.1400 
-1.4400 
-1.5400 
-1.8400 
-1.3800 
-.9800 
-.6800 
-.2600 
-.0200 
-.1600 
 .2400 
 .6600 
 .6800 
 .6400 
 .9400 
 1.2600 
 1.3800 
 1.7600 
 2.5800 
 2.8800 
 2.8800 
 3.3400 
 3.9800 
 4.0800 
 4.0000 
 4.2400 
 4.5600 
 4.6800 
 4.8000 
 4.9400 
 5.5400 
 5.6200 
 5.7200 
 6.0000 
 6.2200 
 6.2800 
 6.7400 
 6.9200 
 7.3400 
 7.5200 
 7.9200 
 7.2000 
 5.0000 
 2.3200 
 .2400 
-1.6200 
-3.2600 
-3.8200 
-3.4400 
-2.9000 
-2.6800 
-2.4000 
-1.8400 
-1.7000 
-1.1000 
-.6400 
-.5400 
-.7200 
-.5600 
-.1800 
 .0000 
 .3200 
 .7000 
 .8600 
 1.4200 
 1.4400 
 1.7600 
 2.1600 
 2.6200 
 2.7000 
 2.7200 
 2.8800 
 3.1400 
 3.4200 
 3.7400 
 4.2800 
 4.2400 
 4.3600 
 5.0400 
 5.3600 
 5.6200 
 5.6600 
 5.8400 
 5.7000 
 6.0600 
 6.4800 
 6.8000 
 6.8800 
 7.0200 
 7.5000 
 6.0000 
 2.9400 
 .2800 
-2.2400 
-3.1200 
-2.3200 
-1.5600 
-1.7600 
-1.5400 
-1.0400 
-1.1200 
-.9600 
-.7200 
-.3200 
 .2200 
 .5200 
 .7200 
 1.1600 
 1.4400 
 1.2600 
 1.6200 
 2.2200 
 2.4400 
 2.3800 
 2.6200 
 3.0200 
 3.3600 
 3.5400 
 3.7400 
 4.2600 
 4.6800 
 4.6400 
 4.9200 
 4.9400 
 5.2800 
 5.6800 
 6.2600 
 6.3000 
 6.2200 
 6.8000 
 6.3200 
 3.5600 
 1.1400 
-.9800 
-2.9000 
-4.0800 
-3.7800 
-3.1400 
-2.7400 
-2.7400 
-2.3800 
-1.7000 
-1.8800 
-2.0000 
-1.4600 
-1.0600 
-.7400 
-.4800 
-.2600 
-.2400 
-.1400 
 .1600 
 .8000 
 .8000 
 .8600 
 1.2600 
 1.4200 
 1.8200 
 2.3400 
 2.5000 
 2.6400 
 2.6600 
 3.0400 
 3.2400 
 3.9800 
 4.4600 
 4.4200 
 4.6400 
 4.9400 
 4.8600 
 5.0200 
 5.5600 
 5.7400 
 5.7600 
 6.0600 
 6.0600 
 4.5600 
 1.9200 
-.7200 
-3.2000 
-5.1800 
-5.8800 
-5.5000 
-4.7400 
-4.6000 
-4.4200 
-4.1600 
-4.0200 
-3.6800 
-3.2000 
-3.0200 
-2.9000 
-2.5600 
-2.1800 
-1.9800 
-2.0000 
-1.8400 
-1.3400 
-.8000 
-.4800 
-.2400 
 .0200 
 .0800 
 .1600 
 .4000 
 .8400 
 1.3600 
 1.7600 
 1.7000 
 2.0800 
 2.5200 
 2.5000 
 2.2400 
 2.6200 
 3.5200 
 3.3600 
 3.2200 
 3.9800 
 4.4800 
 4.6200 
 4.4000 
 4.6800 
 4.6200 
 2.6200 
-.4600 
-3.1400 
-4.9000 
-5.7000 
-5.6200 
-5.0000 
-4.8000 
-4.8000 
-4.4000 
-4.1600 
-3.8200 
-3.1400 
-3.0400 
-2.9600 
-2.8000 
-2.2800 
-1.5000 
-1.4800 
-1.5400 
-1.3600 
-1.1000 
-.8000 
-.3800 
-.0200 
-.2000 
 .1600 
 .1400 
 .6200 
 1.1800 
 .9000 
 1.1000 
 1.5200 
 2.0800 
 2.1400 
 2.1600 
 2.4800 
 2.7200 
 3.0800 
 3.3600 
 3.6000 
 3.3800 
 3.6800 
 4.1400 
 4.1800 
 2.1600 
-.9000 
-4.0600 
-6.5000 
-7.8400 
-8.5000 
-8.0600 
-7.3800 
-7.3800 
-7.2200 
-6.8800 
-6.3200 
-6.2600 
-5.9800 
-5.7600 
-5.4400 
-5.1000 
-5.0600 
-4.9800 
-4.6800 
-4.1000 
-3.7600 
-3.6000 
-3.2800 
-2.8200 
-2.4400 
-2.2400 
-2.0000 
-2.1600 
-1.4200 
-1.1400 
-.8400 
-.5000 
-.5600 
-.8000 
-.5200 
 .0800 
 .5400 
 .6200 
 1.3400 
 1.3400 
 1.2000 
 1.7400 
 .5200 
-2.1800 
-5.0600 
-6.9600 
-8.0200 
-8.8200 
-8.3600 
-7.6000 
-7.3800 
-7.6000 
-7.1600 
-6.6600 
-6.4800 
-6.3800 
-6.0200 
-5.8600 
-5.8800 
-5.4600 
-5.2400 
-5.3800 
-4.5600 
-4.0800 
-4.6600 
-4.3400 
-3.7000 
-3.5600 
-3.5200 
-3.1000 
-2.5800 
-2.3200 
-2.1400 
-2.1000 
-1.5800 
-1.3000 
-1.4200 
-1.2400 
-.7600 
-.9200 
-.8800 
-.2600 
 .2400 
 .4600 
 .8000 
 1.1200 
 1.2800 
 1.5000 
 1.7600 
 1.9600 
 2.0000 
 2.6200 
 3.3200 
 3.2600 
 3.5200 
 2.7000 
-.3800 
-3.2000 
-4.8800 
-5.7800 
-5.1400 
-4.3400 
-4.0400 
-4.0800 
-4.1000 
-3.9200 
-3.2800 
-2.6400 
-2.3400 
-2.3400 
-2.3800 
-2.0200 
-1.4400 
-1.2800 
-1.1400 
-.6000 
-.1000 
-.0400 
-.1000 
 .3800 
 1.1600 
 .7600 
 .8000 
 1.3200 
 1.5800 
 1.5200 
 1.7600 
 2.1200 
 2.4000 
 2.6600 
 1.7400 
 .7800 
 .5600 
-.1600 
-.8200 
-1.5200 
-1.4200 
-.9600 
-1.1800 
-1.7400 
-1.9200 
-1.6000 
-1.5200 
-1.5400 
-1.1400 
-1.0600 
-.8200 
-.4600 
-.4000 
-.3600 
 .1400 
 .5600 
 .7000 
 1.1200 
 1.4800 
 1.6000 
 2.1800 
 2.3800 
 2.3000 
 2.4600 
 3.1200 
 3.1800 
 3.1200 
 3.6800 
 3.5800 
 3.6200 
 4.1400 
 4.5400 
 4.8000 
 5.2000 
 5.6800 
 5.4000 
 5.6200 
 6.2400 
 6.7200 
 6.8600 
 6.9600 
 7.4800 
 7.5000 
 7.5800 
 6.8800 
 4.8400 
 2.5200 
 .2200 
-1.2000 
-1.1400 
-.5600 
-.3200 
-.0200 
 .5600 
 1.0000 
 .9600 
 1.1200 
 1.6000 
 2.1800 
 2.3200 
 2.6200 
 2.8600 
 2.9600 
 3.8200 
 3.9000 
 3.7600 
 4.2200 
 4.6400 
 4.7200 
 4.8000 
 5.2200 
 5.7200 
 5.9000 
 5.9000 
 6.2200 
 6.6200 
 6.8800 
 7.1000 
 7.5000 
 7.6800 
 7.9600 
 5.6600 
 2.3800 
-.2600 
-2.0000 
-3.1200 
-2.9000 
-1.3800 
-.9200 
-1.7000 
-1.2400 
-.5000 
-.1800 
-.4000 
-.0800 
 .3200 
 .7200 
 1.1400 
 1.3400 
 1.2800 
 1.3000 
 1.7800 
 2.2800 
 2.4000 
 2.9200 
 2.7200 
 3.1800 
 3.6600 
 3.7000 
 3.4200 
 3.6800 
 4.1600 
 4.4800 
 4.6800 
 5.1400 
 5.1000 
 5.2800 
 5.7000 
 6.1400 
 6.2600 
 6.3600 
 6.5600 
 7.1400 
 7.5600 
 7.6600 
 5.9800 
 2.8400 
-.2400 
-2.8800 
-5.2800 
-5.9400 
-5.4000 
-4.6800 
-4.4800 
-4.4200 
-4.1200 
-3.8400 
-3.4600 
-2.8800 
-2.8800 
-2.5600 
-2.1000 
-1.9200 
-1.4400 
-1.2800 
-1.1800 
-.8200 
-.4400 
-.2200 
 .0000 
 .4000 
 .6000 
 .6000 
 1.0200 
 1.4200 
 1.6000 
 1.6800 
 2.1600 
 2.2200 
 2.6200 
 2.7800 
 3.0400 
 3.5000 
 3.9200 
 3.9400 
 3.9600 
 4.4000 
 4.1400 
 2.2200 
 .2400 
-.8200 
-.6400 
-.1800 
-.0200 
 .0600 
 .0600 
 .3600 
 .7800 
 1.1600 
 1.0400 
 1.3600 
 1.8200 
 2.4600 
 2.7000 
 2.7200 
 2.8800 
 3.1600 
 3.2600 
 3.6800 
 4.1600 
 4.3000 
 3.2400 
 1.8800 
 .4000 
-.3800 
 .2400 
 .9000 
 1.0000 
 .9400 
 1.3400 
 1.9000 
 1.9600 
 1.7800 
 1.9200 
 2.6400 
 2.8800 
 3.2800 
 3.4400 
 3.5800 
 3.6400 
 3.8200 
 4.3000 
 4.6200 
 4.8000 
 5.1000 
 5.2000 
 5.4200 
 5.7800 
 6.0800 
 5.9600 
 6.4800 
 6.6800 
 6.8800 
 7.2200 
 7.5800 
 7.8800 
 8.2400 
 7.6000 
 5.1600 
 1.9800 
-.5800 
-2.7400 
-4.2600 
-5.2400 
-5.4400 
-5.5000 
-5.1000 
-4.8800 
-4.8600 
-3.9600 
-3.2400 
-3.4400 
-3.3800 
-3.0600 
-2.5000 
-2.3200 
-1.8000 
-1.6000 
-1.3600 
-1.0400 
-.5000 
-.3600 
-.2400 
-.0800 
 .1600 
 .5800 
 .7400 
 1.0200 
 1.5000 
 1.5800 
 1.7400 
 2.3200 
 1.8200 
-.0600 
-1.6400 
-2.9600 
-4.0400 
-4.1800 
-3.3800 
-2.9600 
-3.0200 
-2.8000 
-2.5600 
-2.2600 
-1.7000 
-1.3200 
-.8000 
-.7200 
-.3200 
-.0600 
 .1800 
 .1400 
 .1800 
 .8600 
 1.0200 
 1.0000 
 1.1800 
 1.4400 
 1.4400 
 1.3200 
 .1600 
-1.7000 
-2.8200 
-3.2800 
-3.2000 
-3.1200 
-2.4800 
-2.0200 
-2.1800 
-1.7800 
-1.4200 
-1.3200 
-.9000 
-.6800 
-.2400 
-.1600 
 .0400 
 .3200 
 .6200 
 .9200 
 1.4400 
 1.6600 
 1.6000 
 1.7600 
 1.9200 
 2.4000 
 2.8400 
 2.8200 
 3.3400 
 3.6000 
 3.7400 
 3.6800 
 3.9400 
 4.8400 
 4.8800 
 4.7600 
 5.3800 
 5.6600 
 5.8200 
 6.0600 
 6.2400 
 5.1200 
 2.5600 
-.1800 
-2.2800 
-4.0600 
-6.0200 
-6.2600 
-5.2600 
-4.9600 
-5.1600 
-4.9600 
-4.4200 
-4.1800 
-3.9800 
-3.4400 
-3.2200 
-3.4400 
-2.8000 
-2.0800 
-2.0800 
-2.4800 
-2.0600 
-1.3600 
-1.1400 
-.8200 
-.2600 
-.5000 
-.4000 
 .2400 
 .5400 
 .6600 
 1.2400 
 1.4600 
 1.5800 
 1.9400 
 2.3000 
 2.5200 
 2.6600 
 3.0200 
 3.1800 
 3.2800 
 3.8400 
 2.5600 
-.0400 
-2.5800 
-4.8200 
-5.8000 
-5.5200 
-4.8600 
-4.4800 
-4.2600 
-4.1600 
-4.2200 
-3.8600 
-3.4600 
-3.1400 
-2.5800 
-2.7800 
-2.3400 
-2.1200 
-1.9200 
-1.6200 
-1.5200 
-.9800 
-.8800 
-.6600 
-.4200 
-.0200 
 .1000 
-.0400 
-.8200 
-2.1600 
-2.7200 
-1.8600 
-1.5200 
-1.3800 
-1.1400 
-1.0400 
-.6400 
-.4000 
-.1000 
 .2400 
 .3000 
 .8800 
 .7400 
 .7200 
 1.5200 
 1.9000 
 1.9000 
 1.9200 
 2.2800 
 2.6200 
 3.0000 
 3.3600 
 3.2800 
 3.5200 
 3.9600 
 4.4600 
 4.5200 
 4.5600 
 4.4400 
 3.1000 
 1.3200 
 .0200 
-.4000 
 .4600 
 .8800 
 .8000 
 1.1800 
 1.5200 
 1.3600 
 1.7200 
 2.2600 
 2.0800 
 2.0800 
 2.5000 
 2.8200 
 3.2000 
 3.6800 
 3.7600 
 3.6600 
 4.0800 
 4.8200 
 4.9400 
 4.8800 
 3.5800 
 1.7600 
-.3400 
-2.2400 
-3.2000 
-2.8400 
-2.4400 
-2.8000 
-2.4200 
-1.6800 
-1.5200 
-1.5200 
-1.4600 
-.8200 
-.1600 
-.1000 
-.1200 
 .1400 
 .4600 
 .8000 
 1.1200 
 1.2600 
 1.3600 
 1.8600 
 1.9400 
 2.1400 
 2.4200 
 2.6200 
 2.8800 
 3.4200 
 3.4200 
 3.4400 
 3.7400 
 3.0400 
 .7200 
-1.4400 
-2.8800 
-4.3200 
-5.1200 
-4.6600 
-4.2600 
-4.2000 
-3.9400 
-3.6000 
-3.1000 
-2.7200 
-2.6800 
-2.6400 
-2.3000 
-1.5400 
-1.3600 
-1.4600 
-1.2400 
-1.0000 
-.8800 
-.4800 
-.2400 
 .0000 
 .2600 
 .4400 
 .8400 
 .9600 
 .8600 
 1.6000 
 2.0600 
 1.5000 
 1.8200 
 1.2000 
-1.2600 
-3.6000 
-4.6400 
-5.0600 
-5.0800 
-4.2400 
-3.6800 
-3.9200 
-3.7800 
-3.3800 
-3.2000 
-2.8200 
-2.5000 
-1.8400 
-1.6000 
-1.3600 
-1.0600 
-1.0600 
-.8400 
-.3200 
-.0200 
-.1200 
 .1600 
 .6200 
 1.0400 
 1.1600 
 .9600 
-.3400 
-2.3800 
-3.6200 
-4.7600 
-5.7800 
-5.6000 
-4.8800 
-4.8000 
-4.8000 
-4.4400 
-3.9200 
-3.6800 
-3.5400 
-3.3600 
-2.9000 
-2.8800 
-2.6800 
-2.0800 
-1.6600 
-1.7000 
-1.5200 
-1.2400 
-1.0800 
-.7600 
-.0200 
 .4000 
 .4600 
 .6600 
 1.0400 
 1.1000 
 1.3600 
 1.6000 
 2.1400 
 2.1400 
 2.3200 
 2.7200 
 2.7200 
 2.5400 
 2.7800 
 3.4000 
 3.6400 
 1.6000 
-1.5400 
-4.0000 
-5.6200 
-6.8600 
-6.7400 
-6.0800 
-5.7200 
-5.6200 
-5.4600 
-4.8800 
-4.2800 
-4.3800 
-3.9600 
-3.7800 
-3.5200 
-3.2800 
-3.1600 
-2.8800 
-2.6400 
-2.4800 
-2.5000 
-2.5000 
-2.4000 
-2.3200 
-2.2400 
-2.1600 
-2.0200 
-2.7200 
-3.2000 
-3.2600 
-3.9400 
-4.5400 
-4.7400 
-4.3000 
-3.5400 
-3.9000 
-3.7200 
-3.3600 
-2.8600 
-2.8000 
-2.6200 
-2.0600 
-1.7600 
-1.9200 
-1.8000 
-1.2800 
-.7800 
-.8600 
-.6200 
-.1400 
 .1400 
 .0000 
 .2400 
 .8800 
 1.2800 
 1.2800 
 1.3400 
 1.8800 
 1.7400 
 .1600 
-1.4800 
-2.4000 
-2.0200 
-1.7000 
-1.3000 
-1.2000 
-1.1600 
-.8800 
-.0200 
-.0800 
 .0600 
 .7000 
 .5400 
 .3800 
 1.1000 
 1.5000 
 1.9000 
 1.9200 
 2.3400 
 2.7200 
 3.0400 
 3.4800 
 3.4200 
 3.7400 
 4.2600 
 4.1400 
 4.5400 
 4.9600 
 5.1800 
 5.5000 
 5.8400 
 6.1600 
 6.3000 
 6.5800 
 6.8600 
 7.1800 
 7.6800 
 8.0800 
 8.1800 
 8.5400 
 8.8000 
 9.4000 
 9.4600 
 8.1600 
 4.9400 
 1.6600 
-.9000 
-2.9600 
-4.4200 
-4.6800 
-4.0800 
-3.4400 
-3.3800 
-2.9600 
-2.5400 
-2.6400 
-2.2400 
-1.6800 
-1.3000 
-1.2800 
-.9200 
-.3400 
-.2200 
-.0800 
 .3600 
 .8200 
 .9400 
 1.1200 
 1.9800 
 2.1800 
 1.9200 
 2.1800 
 2.3200 
 2.3800 
 2.9200 
 3.2400 
 3.3400 
 3.4200 
 3.6600 
 3.9400 
 4.2800 
 4.3800 
 4.4800 
 5.0200 
 5.2400 
 5.6000 
 6.0600 
 5.8400 
 6.2800 
 6.4800 
 6.6000 
 6.8800 
 7.1000 
 7.5200 
 7.8200 
 8.1600 
 8.5600 
 9.0400 
 8.9600 
 9.1200 
 9.8600 
 9.8400 
 9.9800 
 10.4600 
 10.5800 
 10.8200 
 11.0200 
 11.2800 
 11.4000 
 11.6000 
 12.0800 
 12.2400 
 12.5600 
 12.9000 
 12.9800 
 13.2200 
 13.5000 
 13.5400 
 13.8200 
 14.0600 
 14.2400 
 14.8600 
 15.2400 
 15.1200 
 15.5400 
 15.6800 
 15.8600 
 16.0600 
 16.4000 
 16.8800 
 17.0400 
 17.0200 
 17.4000 
 17.6800 
 17.7600 
 18.0200 
 18.6200 
 19.1000 
 19.5000 
 19.6800 
 19.4200 
 19.6600 
 20.1000 
 20.0800 
 20.7800 
 20.4800 
 17.7400 
 13.2600 
 9.2600 
 6.0400 
 3.0200 
 .2200 
-2.1800 
-3.8400 
-4.0000 
-3.4400 
-3.2800 
-3.3800 
-3.0600 
-2.7600 
-2.4400 
-2.5600 
-2.1800 
-1.7200 
-1.7000 
-1.6000 
-1.2400 
-1.0400 
-.7400 
-.8000 
-.3200 
 .3200 
 .4600 
 .4600 
 .6400 
 .5600 
 .9400 
 1.5800 
 1.9000 
 2.0600 
 2.7600 
 2.8800 
 2.7200 
 2.5000 
 2.6400 
 2.9800 
 3.2800 
 3.6800 
 3.2800 
 2.4800 
 2.0000 
 1.3600 
 .5600 
-.0800 
-.8000 
-1.5400 
-2.4200 
-3.4400 
-4.2400 
-4.4400 
-4.5000 
-5.0200 
-5.1000 
-4.8600 
-4.2400 
-3.7000 
-3.5200 
-3.7800 
-3.1400 
-2.8800 
-3.0400 
-2.0800 
-1.6600 
-2.1600 
-1.7600 
-.6600 
-.4800 
-.9000 
-.5600 
-.4200 
-.0200 
 .7000 
 .7600 
 1.6200 
 2.0800 
 1.3800 
 1.6400 
 1.9600 
 2.5600 
 3.2000 
 2.6200 
 2.6000 
 3.5200 
 4.3200 
 4.2400 
 4.8000 
 5.0200 
 4.8000 
 5.1800 
 5.1200 
 5.4200 
 6.0000 
 5.7600 
 6.1000 
 6.8800 
 6.9400 
 6.9600 
 6.9600 
 7.6400 
 7.8800 
 8.1200 
 8.2200 
 7.8400 
 8.8800 
 9.2000 
 8.6200 
 9.2800 
 9.9000 
 10.3200 
 10.7200 
 10.4000 
 9.8800 
 10.5600 
 11.6800 
 11.7600 
 10.6200 
 9.4200 
 7.1600 
 3.6800 
 .9600 
-1.1400 
-2.5800 
-3.1200 
-2.1800 
-1.1400 
-1.9800 
-2.1400 
-.8000 
-.4800 
-.5000 
-.1600 
 .0800 
 .2000 
 .6800 
 1.3000 
 .9200 
 .7800 
 1.5200 
 2.4600 
 2.7000 
 3.1600 
 2.7000 
 2.6200 
 3.2000 
 4.1200 
 3.9800 
 4.0200 
 4.8800 
 4.9400 
 4.7200 
 5.1800 
 6.0600 
 6.2600 
 6.3200 
 6.6200 
 6.5600 
 7.1200 
 7.4400 
 5.2800 
 2.6200 
-.1600 
-2.8000 
-4.6600 
-4.5400 
-3.8400 
-3.3000 
-2.9200 
-3.3600 
-3.2800 
-2.5600 
-2.1000 
-1.7600 
-2.1000 
-1.5400 
-1.2200 
-1.3800 
-.1600 
 .0000 
 .3600 
 .0800 
-.0600 
 .7200 
 1.6800 
 1.9000 
 1.2800 
 1.5200 
 1.7600 
 2.1600 
 3.1600 
 4.1000 
 3.4200 
 2.7800 
 3.4200 
 4.7000 
 4.7200 
 4.1600 
 4.7200 
 5.1800 
 5.5000 
 5.5000 
 5.8200 
 5.5800 
 5.7800 
 7.7400 
 7.6000 
 7.6800 
 8.7400 
 8.7400 
 7.8400 
 6.0000 
 4.6000 
 1.5200 
-2.3600 
-3.5200 
-3.1800 
-1.9800 
-.3000 
-1.8400 
-2.4000 
-.5200 
-1.1200 
-.8800 
 .2200 
-.6600 
-.1400 
 .8400 
 .5400 
 1.2000 
 1.9800 
 1.9800 
 2.1400 
 1.7600 
 2.1600 
 3.2200 
 3.5400 
 2.8600 
 3.4400 
 4.4600 
 4.1000 
 4.7000 
 4.8800 
 5.5200 
 5.7400 
 5.4400 
 5.8200 
 6.4200 
 6.3200 
 6.8000 
 6.9400 
 7.0800 
 7.9200 
 7.7600 
 7.9600 
 8.7400 
 8.9000 
 9.1800 
 9.6800 
 9.9200 
 10.0000 
 9.3000 
 7.5600 
 4.7800 
 1.5400 
-.4400 
-1.5400 
-1.6000 
-.8000 
-.6000 
-.4200 
 .3600 
 .2600 
 .1800 
 .4800 
 .6800 
 1.2600 
 1.4400 
 1.0000 
 1.6000 
 2.2000 
 2.1000 
 2.2200 
 2.8600 
 3.1000 
 3.0200 
 3.2800 
 3.4400 
 3.7400 
 3.6200 
 3.9000 
 4.6400 
 4.7000 
 4.8600 
 5.4400 
 6.1600 
 5.9800 
 5.7600 
 6.4800 
 7.2000 
 7.1600 
 7.2800 
 7.6600 
 8.1600 
 8.1600 
 8.2200 
 8.7000 
 9.0200 
 9.1600 
 8.7800 
 6.0800 
 2.5600 
-.4400 
-2.7400 
-4.4200 
-5.3400 
-4.6800 
-4.1000 
-4.2400 
-4.1800 
-3.7000 
-3.0800 
-2.6800 
-2.9200 
-3.1200 
-2.1800 
-1.8200 
-1.7000 
-1.6000 
-1.5800 
-.8800 
-.4000 
-.3400 
-.2200 
 .1800 
 .3400 
 .1600 
 .6400 
 1.4200 
 1.9000 
 1.5000 
 1.4400 
 2.3200 
 2.6200 
 2.8800 
 3.1400 
 2.4800 
 2.5800 
 3.1000 
 3.0800 
 2.8800 
 2.5400 
 1.7200 
 .5000 
-.6800 
-1.7000 
-2.3600 
-3.1400 
-4.0000 
-3.8000 
-3.5000 
-3.2600 
-3.5000 
-2.6400 
-2.1000 
-2.5000 
-2.4800 
-1.6200 
-1.5400 
-1.1800 
-.5600 
-.6600 
-.5000 
 .0400 
-.1800 
 .2400 
 .6800 
 .8800 
 .8600 
 1.6800 
 1.9800 
 2.0600 
 2.5600 
 2.3800 
 2.3400 
 2.8600 
 3.1000 
 4.0600 
 4.2200 
 4.4600 
 4.7400 
 4.4000 
 4.6200 
 5.5200 
 5.5400 
 5.7600 
 5.7400 
 4.3800 
 3.0400 
 1.7400 
 1.0200 
 1.4200 
 1.9200 
 2.3000 
 2.8600 
 2.8000 
 3.0800 
 3.6400 
 3.9200 
 4.2400 
 4.4800 
 4.1600 
 4.9400 
 5.6000 
 5.6800 
 5.6000 
 5.8000 
 5.9200 
 6.3200 
 6.2600 
 4.0400 
 1.3200 
-.5200 
-2.4800 
-4.1000 
-5.6600 
-5.8000 
-4.9800 
-4.5200 
-4.6000 
-4.4600 
-4.2400 
-4.0200 
-3.9000 
-3.3200 
-2.8800 
-2.8000 
-2.8800 
-2.7600 
-1.9600 
-1.4400 
-1.4600 
-1.2200 
-.7400 
-.7200 
-.4000 
-.5000 
-.4800 
 .0000 
 .5600 
 .9600 
 1.4200 
 .4400 
-1.8600 
-3.4400 
-5.1400 
-6.1600 
-5.4600 
-4.5000 
-4.4200 
-4.2600 
-3.5200 
-3.6200 
-3.7000 
-3.3800 
-3.3200 
-3.2800 
-3.0400 
-2.6600 
-2.1400 
-2.1000 
-1.8800 
-1.6400 
-1.2200 
-.8400 
-.5600 
 .0000 
 .0000 
-.0600 
 .3000 
 .8600 
 1.2800 
 1.6400 
 2.1400 
 1.9000 
 1.9800 
 2.4800 
 3.1400 
 3.1000 
 2.5400 
 3.3600 
 4.5800 
 2.5600 
-.7600 
-3.2000 
-5.3800 
-7.7000 
-9.2400 
-10.0000 
-10.1200 
-9.7200 
-9.3000 
-8.9600 
-8.4000 
-8.2400 
-8.0200 
-7.8400 
-7.4400 
-7.2600 
-6.4800 
-6.0800 
-6.2000 
-6.0000 
-5.2200 
-4.9200 
-5.2800 
-5.3600 
-4.6400 
-4.0400 
-3.6800 
-3.4000 
-3.6200 
-3.3600 
-2.3400 
-2.1600 
-2.5800 
-2.2400 
-1.5800 
-1.7000 
-1.6800 
-.8800 
-1.0000 
-1.3000 
-.9800 
-.1400 
 .4800 
 .4000 
 .4000 
-.1600 
-1.6800 
-4.5000 
-7.3600 
-8.7800 
-9.4400 
-9.3000 
-8.4200 
-8.6600 
-8.4000 
-7.9400 
-7.5200 
-7.4600 
-7.3200 
-6.6400 
-6.4800 
-6.3600 
-6.2800 
-6.0200 
-5.1600 
-4.6000 
-4.8200 
-4.7400 
-4.3200 
-3.7000 
-3.6600 
-3.6000 
-3.1200 
-3.3000 
-3.2000 
-2.6000 
-2.4600 
-2.2600 
-2.2400 
-2.0000 
-1.3600 
-1.4400 
-1.5200 
-1.2400 
-.6400 
-.3200 
-.1000 
 .3000 
 1.1200 
 1.0200 
 .5200 
 1.0400 
 1.6800 
 2.1800 
 2.2200 
 .3200 
-2.0000 
-3.9600 
-5.5400 
-7.2800 
-8.4400 
-8.7400 
-8.7800 
-8.4000 
-7.8000 
-7.7000 
-7.4800 
-6.7800 
-6.4800 
-6.5800 
-6.2600 
-6.2800 
-5.9000 
-5.3800 
-5.1200 
-4.8400 
-4.5800 
-4.4000 
-3.9200 
-3.6000 
-3.2200 
-2.7400 
-2.7400 
-2.5200 
-2.1600 
-2.1600 
-1.3200 
-.7200 
-.9000 
-.5600 
 .2000 
 .2600 
 .1600 
 .3200 
 .8600 
 .7200 
 .5200 
 1.4400 
 2.4600 
 1.7000 
-.6800 
-3.3800 
-5.4000 
-7.3800 
-8.7400 
-9.2200 
-8.3200 
-7.7800 
-7.8800 
-8.1000 
-7.6200 
-7.1200 
-6.6600 
-6.3200 
-6.1000 
-5.8400 
-5.7800 
-5.5200 
-4.8800 
-4.4000 
-4.4200 
-4.2600 
-4.1000 
-3.5400 
-3.0400 
-3.0200 
-3.0000 
-3.0000 
-2.0400 
-1.3600 
-1.6800 
-1.6000 
-.8200 
-.8200 
-.6600 
-.4400 
-.4800 
-.0600 
 .4200 
 .3400 
 .6400 
 .9600 
 1.5800 
 .9000 
-.8400 
-2.2600 
-3.6400 
-3.5600 
-2.5800 
-2.1600 
-2.4800 
-2.4800 
-1.9200 
-1.1400 
-1.0600 
-1.6000 
-1.0400 
-.1600 
-.1600 
-.4800 
 .0600 
 .5400 
 .6200 
 1.1600 
 1.6400 
 1.5200 
 1.9200 
 2.1800 
 2.4000 
 2.4000 
 2.7800 
 2.2800 
-.0800 
-1.9200 
-4.0200 
-5.4200 
-5.7000 
-5.0600 
-3.8400 
-4.2000 
-4.5400 
-3.9200 
-3.6400 
-3.4400 
-3.3800 
-2.7200 
-2.2400 
-2.6400 
-2.5600 
-2.0400 
-1.6800 
-1.7600 
-1.4000 
-.8800 
-1.2000 
-1.3000 
-.8800 
-.1200 
 .0000 
 .5600 
 .7000 
 .2400 
 .8400 
 1.9000 
 2.3200 
 1.8400 
 2.2200 
 2.9400 
 2.5800 
 2.7800 
 3.4200 
 3.0200 
 1.3400 
-.3400 
-2.3200 
-4.3200 
-5.9800 
-7.4800 
-8.8400 
-9.5000 
-9.1200 
-8.8000 
-8.4800 
-7.8400 
-7.5400 
-7.7600 
-7.3000 
-6.7200 
-6.7000 
-6.4800 
-6.1000 
-6.0000 
-6.3400 
-6.0200 
-4.9400 
-4.9600 
-5.2400 
-4.7800 
-3.9400 
-3.5200 
-3.8000 
-3.9400 
-3.2600 
-2.5800 
-2.8200 
-2.6400 
-1.8400 
-1.6000 
-1.4400 
-1.7800 
-1.5400 
-.5800 
 .0200 
-.8800 
-2.0800 
-3.2000 
-4.5400 
-4.3800 
-3.6600 
-3.0400 
-2.8200 
-2.8800 
-2.5600 
-2.3600 
-2.4000 
-2.4200 
-2.4000 
-1.7600 
-1.4400 
-1.5000 
-1.1000 
-.9800 
-1.1200 
-.5000 
-.0600 
-.3400 
 .0000 
 .6400 
 .9400 
 .9800 
 1.2800 
 .6800 
-1.3600 
-3.5000 
-5.2200 
-5.4000 
-4.5600 
-4.5000 
-4.4800 
-3.6400 
-3.6200 
-3.7800 
-3.3600 
-2.9800 
-2.8200 
-2.3600 
-2.3200 
-2.3800 
-1.7800 
-1.3800 
-1.4800 
-1.2000 
-.6600 
-.4800 
-.3000 
 .2000 
 .6200 
 .9600 
 .8600 
 .9800 
 1.8000 
 2.3000 
 2.0600 
 2.3200 
 2.8000 
 2.7400 
 3.1800 
 3.3000 
 3.2200 
 3.5000 
 3.6000 
 2.0800 
 .3000 
-1.6200 
-3.2800 
-3.6000 
-3.6000 
-3.2800 
-2.3400 
-2.3800 
-2.3400 
-1.7800 
-1.4200 
-1.5400 
-1.2600 
-.5600 
-.4000 
-.1800 
-.0800 
 .2400 
 .8800 
 1.1400 
 1.0400 
 1.2000 
 1.6800 
 1.8400 
 2.0400 
 2.4800 
 2.7800 
 2.8600 
 3.1400 
 3.6600 
 3.6000 
 3.7400 
 4.2200 
 4.2000 
 4.4800 
 4.9200 
 5.5800 
 5.7400 
 5.6600 
 5.6400 
 4.0000 
 1.4000 
-.9600 
-2.9000 
-4.7200 
-6.9800 
-8.7600 
-8.5000 
-7.8400 
-7.8400 
-7.4600 
-7.1200 
-7.2800 
-7.2000 
-6.5800 
-5.7800 
-5.7200 
-5.7800 
-5.4400 
-5.0200 
-5.1200 
-4.3800 
-4.0200 
-3.9200 
-3.7800 
-3.3800 
-3.6800 
-3.0200 
-2.4600 
-2.3600 
-2.2600 
-1.9000 
-1.5400 
-1.4600 
-1.4200 
-.8800 
-.5800 
-.5400 
-.1200 
 .2400 
 .1600 
 .5200 
 .6200 
 1.0600 
 1.2000 
 1.3600 
 1.7200 
 2.2800 
 1.9200 
 2.0600 
 2.8600 
 3.2000 
 2.9600 
 3.0200 
 3.9200 
 4.1400 
 4.3000 
 4.8600 
 4.7800 
 4.9600 
 5.5800 
 5.5200 
 5.5800 
 6.1600 
 6.4200 
 6.7000 
 6.5600 
 5.3400 
 3.9200 
 3.4600 
 3.2400 
 3.0600 
 2.6000 
 2.1000 
 2.2200 
 1.9800 
 1.1200 
 .6800 
 .7000 
 .8400 
 .9000 
 .4000 
 .2000 
 .2200 
 .5600 
 .8200 
 1.1200 
 1.4000 
 1.8000 
 2.4000 
 2.5600 
 2.5600 
 3.1200 
 3.2800 
 3.2800 
 3.3200 
 3.9800 
 4.3000 
 4.2200 
 4.6200 
 5.0000 
 5.1800 
 5.2800 
 5.4200 
 5.6800 
 5.9000 
 6.0600 
 6.4600 
 6.6400 
 6.9200 
 7.2000 
 6.9600 
 7.0400 
 7.9800 
 8.4000 
 8.3600 
 8.7000 
 9.1200 
 8.9200 
 6.8800 
 4.3000 
 2.3800 
 .9400 
 .4800 
 .6400 
 1.3200 
 1.4200 
 1.9200 
 2.4800 
 2.7800 
 2.4000 
 2.5600 
 3.6000 
 4.1000 
 4.0800 
 3.8600 
 4.0600 
 4.0800 
 4.1600 
 4.7600 
 5.2800 
 5.3000 
 5.3200 
 6.1400 
 6.6200 
 6.5400 
 6.6400 
 7.0800 
 7.6800 
 7.4400 
 7.5600 
 8.3400 
 7.3400 
 5.0400 
 3.1800 
 1.6800 
 .9400 
 1.4800 
 1.8200 
 2.0400 
 2.3800 
 2.4800 
 2.8000 
 2.8800 
 3.4200 
 3.9800 
 3.6000 
 3.9800 
 4.6600 
 5.4000 
 5.5600 
 5.6600 
 5.6800 
 5.8400 
 6.1600 
 6.8000 
 6.6400 
 6.5400 
 7.2600 
 7.9800 
 7.9800 
 7.8600 
 8.8400 
 9.1000 
 8.4600 
 8.8200 
 9.5800 
 9.5800 
 9.6800 
 10.3200 
 10.5600 
 10.7000 
 11.0400 
 11.5200 
 11.5600 
 11.9800 
 10.9800 
 7.7600 
 5.3600 
 3.2800 
 1.0800 
 1.8000 
 2.8800 
 2.5200 
 2.4800 
 3.5200 
 3.7200 
 2.9400 
 3.7400 
 4.9600 
 4.7800 
 4.4600 
 5.0600 
 5.9000 
 5.7600 
 5.8400 
 6.1200 
 6.2200 
 6.4000 
 6.6200 
 7.2000 
 7.9200 
 7.9200 
 8.0000 
 8.3800 
 8.4800 
 8.3400 
 8.8000 
 9.2800 
 9.3400 
 9.9800 
 10.1000 
 9.8400 
 10.5800 
 11.3400 
 11.3400 
 11.3400 
 11.8200 
 12.1400 
 12.2400 
 12.3400 
 12.7800 
 13.1000 
 13.3400 
 13.3800 
 13.8400 
 14.2200 
 12.9600 
 9.2000 
 5.1800 
 3.1000 
 1.3200 
-.4800 
-.0800 
 1.0600 
 .7200 
 .6200 
 1.4800 
 1.8200 
 1.8200 
 1.8400 
 2.3200 
 2.8600 
 3.0400 
 3.5000 
 4.1600 
 4.1400 
 4.1400 
 4.1200 
 4.9600 
 5.0400 
 5.2000 
 5.5200 
 5.6000 
 6.3000 
 6.8400 
 6.6400 
 6.6200 
 6.0800 
 4.2000 
 1.3000 
-1.2800 
-2.9800 
-3.2200 
-2.5600 
-1.7000 
-1.6000 
-1.9000 
-1.7800 
-.9200 
-.5800 
-.8800 
-.8000 
-.2600 
-.1400 
-.1800 
 .5400 
 .8800 
 .7600 
 1.5200 
 1.7400 
 1.6800 
 1.9200 
 1.9000 
 2.6000 
 3.6600 
 3.2000 
 3.5600 
 4.2800 
 4.4600 
 4.4800 
 4.6200 
 5.0200 
 5.0800 
 4.9400 
 5.3600 
 5.9400 
 5.5200 
 5.4200 
 4.9000 
 3.0400 
 1.1000 
-.2600 
 .2000 
 .7400 
 .8800 
 1.5200 
 1.7200 
 1.4800 
 1.9200 
 2.1400 
 2.6600 
 2.9000 
 3.0400 
 3.8800 
 4.0800 
 3.7200 
 4.0800 
 4.5200 
 4.8600 
 4.9800 
 5.9000 
 6.4800 
 5.9000 
 6.2400 
 7.0200 
 6.7800 
 6.7200 
 7.4600 
 7.2400 
 7.2400 
 7.2800 
 6.9600 
 7.6000 
 7.9200 
 7.6000 
 7.7800 
 8.5400 
 9.3000 
 9.6600 
 9.3600 
 9.3400 
 10.7200 
 11.1000 
 10.2400 
 10.8800 
 11.7800 
 12.1200 
 11.9200 
 12.2200 
 12.9400 
 13.7600 
 11.3600 
 8.3200 
 5.7400 
 2.9800 
 1.1800 
-.6400 
-1.3000 
-.1000 
 .4000 
-.0200 
 .8000 
 1.4400 
 1.1800 
 .8200 
 1.1200 
 1.9800 
 2.4400 
 2.9400 
 3.1000 
 3.5200 
 3.6600 
 3.5400 
 4.0600 
 4.4200 
 4.4800 
 4.6000 
 4.8600 
 5.1000 
 6.0600 
 6.8000 
 5.8800 
 6.2400 
 7.2600 
 7.4400 
 6.8600 
 7.2000 
 8.1600 
 8.3000 
 8.5600 
 8.6000 
 8.8800 
 9.2600 
 9.3600 
 10.2200 
 10.7800 
 10.5600 
 9.9800 
 10.7800 
 12.0800 
 11.9800 
 11.5200 
 10.1600 
 7.4400 
 4.9400 
 3.0200 
 2.0400 
 2.9400 
 3.7000 
 3.7600 
 4.0800 
 4.2400 
 4.0600 
 4.5200 
 4.9600 
 5.0800 
 5.3600 
 5.1000 
 5.7000 
 6.3800 
 6.1800 
 6.4400 
 7.2000 
 7.6000 
 7.4200 
 7.6600 
 8.2200 
 8.2400 
 8.1200 
 8.8400 
 9.3200 
 9.2000 
 9.5200 
 10.4000 
 9.5200 
 7.1200 
 5.5400 
 3.4200 
 1.7400 
 2.9000 
 3.7400 
 3.3600 
 3.5200 
 4.0600 
 4.4000 
 4.7000 
 4.9000 
 5.4400 
 6.0200 
 6.6200 
 6.7200 
 6.4000 
 6.8000 
 6.6400 
 7.1200 
 7.8200 
 7.8000 
 8.1400 
 8.3000 
 8.4000 
 8.9600 
 9.0400 
 9.2200 
 9.6600 
 9.8800 
 9.9200 
 10.2200 
 10.8800 
 10.8000 
 10.6400 
 11.1800 
 11.6600 
 11.7000 
 12.1800 
 12.2200 
 12.2200 
 10.8600 
 7.8400 
 5.0400 
 1.9400 
-.3200 
-1.1000 
-.2400 
 .4800 
 .5600 
 1.0200 
 1.4000 
 1.2000 
 1.4200 
 2.0000 
 2.5600 
 2.6400 
 3.0000 
 3.5200 
 3.3600 
 3.6000 
 4.0000 
 4.3800 
 4.7600 
 4.8200 
 5.0000 
 5.2800 
 5.4200 
 5.7600 
 6.0000 
 5.9200 
